MergeSort: 2.88776 ms, 400000 bytes
QuickSort: 216.864 ms, 0 bytes
StdSort: 0.621914 ms, 400000 bytes
