MergeSort: 0.02836 ms, 4000 bytes
QuickSort: 0.03071 ms, 0 bytes
StdSort: 0.00436 ms, 4000 bytes
