MergeSort: 0.054591 ms, 4000 bytes
QuickSort: 0.02783 ms, 0 bytes
Sort: 0.02574 ms, 0 bytes (raw: 4000, copy baseline: 4000)
