MergeSort: 4.64245 ms, 400000 bytes
QuickSort: 219.604 ms, 0 bytes
Sort: 1.45556 ms, 0 bytes (raw: 400000, copy baseline: 400000)
