MergeSort: 2.92136 ms, 400000 bytes
QuickSort: 2186.05 ms, 0 bytes
StdSort: 0.558054 ms, 400000 bytes
