MergeSort: 0.03737 ms, 4000 bytes
QuickSort: 0.233952 ms, 0 bytes
Sort: 0.00426 ms, 0 bytes (raw: 4000, copy baseline: 4000)
