MergeSort: 0.03009 ms, 4000 bytes
QuickSort: 0.03102 ms, 0 bytes
StdSort: 0.00565 ms, 4000 bytes
