MergeSort: 0.02681 ms, 4000 bytes
QuickSort: 0.241922 ms, 0 bytes
StdSort: 0.00398 ms, 4000 bytes
