MergeSort: 0.02606 ms, 4000 bytes
QuickSort: 0.224202 ms, 0 bytes
Sort: 0.00288 ms, 0 bytes (raw: 4000, copy baseline: 4000)
