MergeSort: 0.05423 ms, 4000 bytes
QuickSort: 0.03108 ms, 0 bytes
StdSort: 0.02822 ms, 4000 bytes
