MergeSort: 2.91728 ms, 400000 bytes
QuickSort: 217.427 ms, 0 bytes
StdSort: 0.556554 ms, 400000 bytes
