MergeSort: 7.22909 ms, 400000 bytes
QuickSort: 4.26713 ms, 0 bytes
StdSort: 4.02546 ms, 400000 bytes
