MergeSort: 2.86434 ms, 400000 bytes
QuickSort: 2218.8 ms, 0 bytes
StdSort: 0.756445 ms, 400000 bytes
