MergeSort: 0.027141 ms, 4000 bytes
QuickSort: 0.223051 ms, 0 bytes
StdSort: 0.00288 ms, 4000 bytes
