MergeSort: 0.04576 ms, 4000 bytes
QuickSort: 0.03539 ms, 0 bytes
StdSort: 0.01356 ms, 4000 bytes
