MergeSort: 0.02836 ms, 4000 bytes
QuickSort: 0.03134 ms, 0 bytes
StdSort: 0.00416 ms, 4000 bytes
