MergeSort: 0.051871 ms, 4000 bytes
QuickSort: 0.02708 ms, 0 bytes
StdSort: 0.0277 ms, 4000 bytes
