MergeSort: 4.52782 ms, 400000 bytes
QuickSort: 219.316 ms, 0 bytes
StdSort: 1.41893 ms, 400000 bytes
