MergeSort: 0.028001 ms, 4000 bytes
QuickSort: 0.02925 ms, 0 bytes
Sort: 0.00485 ms, 0 bytes (raw: 4000, copy baseline: 4000)
