MergeSort: 0.061781 ms, 4000 bytes
QuickSort: 0.03137 ms, 0 bytes
Sort: 0.0253 ms, 0 bytes (raw: 4000, copy baseline: 4000)
