MergeSort: 0.02718 ms, 4000 bytes
QuickSort: 0.02929 ms, 0 bytes
StdSort: 0.00463 ms, 4000 bytes
