MergeSort: 0.02727 ms, 4000 bytes
QuickSort: 0.229962 ms, 0 bytes
StdSort: 0.00404 ms, 4000 bytes
