MergeSort: 0.04584 ms, 4000 bytes
QuickSort: 0.035431 ms, 0 bytes
Sort: 0.01362 ms, 0 bytes (raw: 4000, copy baseline: 4000)
