MergeSort: 0.03415 ms, 4000 bytes
QuickSort: 0.03512 ms, 0 bytes
Sort: 0.00666 ms, 0 bytes (raw: 4000, copy baseline: 4000)
