MergeSort: 2.81887 ms, 400000 bytes
QuickSort: 2173.61 ms, 0 bytes
StdSort: 0.723434 ms, 400000 bytes
