MergeSort: 0.025791 ms, 4000 bytes
QuickSort: 0.228731 ms, 0 bytes
StdSort: 0.0042 ms, 4000 bytes
