MergeSort: 0.02927 ms, 4000 bytes
QuickSort: 0.03068 ms, 0 bytes
Sort: 0.00431 ms, 0 bytes (raw: 4000, copy baseline: 4000)
