MergeSort: 0.05187 ms, 4000 bytes
QuickSort: 0.02759 ms, 0 bytes
StdSort: 0.02665 ms, 4000 bytes
