MergeSort: 2.83492 ms, 400000 bytes
QuickSort: 217.751 ms, 0 bytes
StdSort: 0.554094 ms, 400000 bytes
