MergeSort: 2.92262 ms, 400000 bytes
QuickSort: 2211.13 ms, 0 bytes
Sort: 0.542424 ms, 0 bytes (raw: 400000, copy baseline: 400000)
