MergeSort: 2.89363 ms, 400000 bytes
QuickSort: 219.533 ms, 0 bytes
StdSort: 0.558913 ms, 400000 bytes
