MergeSort: 0.02693 ms, 4000 bytes
QuickSort: 0.221652 ms, 0 bytes
StdSort: 0.00284 ms, 4000 bytes
