MergeSort: 0.05223 ms, 4000 bytes
QuickSort: 0.02752 ms, 0 bytes
StdSort: 0.028101 ms, 4000 bytes
