MergeSort: 7.41393 ms, 400000 bytes
QuickSort: 4.21905 ms, 0 bytes
Sort: 3.98734 ms, 0 bytes (raw: 400000, copy baseline: 400000)
