MergeSort: 0.02439 ms, 4000 bytes
QuickSort: 0.223282 ms, 0 bytes
StdSort: 0.00278 ms, 4000 bytes
