MergeSort: 0.044591 ms, 4000 bytes
QuickSort: 0.03558 ms, 0 bytes
Sort: 0.01367 ms, 0 bytes (raw: 4000, copy baseline: 4000)
