MergeSort: 0.02601 ms, 4000 bytes
QuickSort: 0.222262 ms, 0 bytes
StdSort: 0.00273 ms, 4000 bytes
