MergeSort: 7.29565 ms, 400000 bytes
QuickSort: 4.11815 ms, 0 bytes
Sort: 4.00477 ms, 0 bytes (raw: 400000, copy baseline: 400000)
