MergeSort: 0.05329 ms, 4000 bytes
QuickSort: 0.02736 ms, 0 bytes
StdSort: 0.02609 ms, 4000 bytes
