MergeSort: 0.02426 ms, 4000 bytes
QuickSort: 0.221441 ms, 0 bytes
StdSort: 0.00285 ms, 4000 bytes
