MergeSort: 3.00399 ms, 400000 bytes
QuickSort: 2184.04 ms, 0 bytes
Sort: 0.721945 ms, 0 bytes (raw: 400000, copy baseline: 400000)
