MergeSort: 0.02758 ms, 4000 bytes
QuickSort: 0.235261 ms, 0 bytes
StdSort: 0.004211 ms, 4000 bytes
