MergeSort: 3.09802 ms, 400000 bytes
QuickSort: 232.595 ms, 0 bytes
StdSort: 0.546184 ms, 400000 bytes
