MergeSort: 3.27659 ms, 400000 bytes
QuickSort: 225.674 ms, 0 bytes
StdSort: 0.733745 ms, 400000 bytes
