MergeSort: 0.02487 ms, 4000 bytes
QuickSort: 0.02919 ms, 0 bytes
StdSort: 0.00409 ms, 4000 bytes
