MergeSort: 2.82682 ms, 400000 bytes
QuickSort: 2166.49 ms, 0 bytes
StdSort: 0.740924 ms, 400000 bytes
