MergeSort: 0.03301 ms, 4000 bytes
QuickSort: 0.03755 ms, 0 bytes
StdSort: 0.00606 ms, 4000 bytes
