MergeSort: 0.02566 ms, 4000 bytes
QuickSort: 0.223532 ms, 0 bytes
Sort: 0.00287 ms, 0 bytes (raw: 4000, copy baseline: 4000)
