MergeSort: 2.94052 ms, 400000 bytes
QuickSort: 2198.07 ms, 0 bytes
Sort: 0.723755 ms, 0 bytes (raw: 400000, copy baseline: 400000)
