MergeSort: 2.88435 ms, 400000 bytes
QuickSort: 2206.32 ms, 0 bytes
StdSort: 0.737945 ms, 400000 bytes
