MergeSort: 0.02834 ms, 4000 bytes
QuickSort: 0.03094 ms, 0 bytes
Sort: 0.00425 ms, 0 bytes (raw: 4000, copy baseline: 4000)
