MergeSort: 0.02545 ms, 4000 bytes
QuickSort: 0.228532 ms, 0 bytes
StdSort: 0.0042 ms, 4000 bytes
