MergeSort: 0.025381 ms, 4000 bytes
QuickSort: 0.02939 ms, 0 bytes
StdSort: 0.00451 ms, 4000 bytes
