MergeSort: 7.31559 ms, 400000 bytes
QuickSort: 4.19823 ms, 0 bytes
Sort: 4.03943 ms, 0 bytes (raw: 400000, copy baseline: 400000)
