MergeSort: 0.02438 ms, 4000 bytes
QuickSort: 0.223252 ms, 0 bytes
StdSort: 0.00275 ms, 4000 bytes
