MergeSort: 3.05233 ms, 400000 bytes
QuickSort: 219.45 ms, 0 bytes
Sort: 0.617724 ms, 0 bytes (raw: 400000, copy baseline: 400000)
