MergeSort: 3.02779 ms, 400000 bytes
QuickSort: 217.748 ms, 0 bytes
Sort: 0.621194 ms, 0 bytes (raw: 400000, copy baseline: 400000)
