MergeSort: 7.15509 ms, 400000 bytes
QuickSort: 4.13844 ms, 0 bytes
StdSort: 3.95919 ms, 400000 bytes
