MergeSort: 2.87326 ms, 400000 bytes
QuickSort: 218.7 ms, 0 bytes
StdSort: 0.549404 ms, 400000 bytes
