MergeSort: 7.16702 ms, 400000 bytes
QuickSort: 4.10071 ms, 0 bytes
StdSort: 4.06064 ms, 400000 bytes
