MergeSort: 0.02572 ms, 4000 bytes
QuickSort: 0.221191 ms, 0 bytes
Sort: 0.00281 ms, 0 bytes (raw: 4000, copy baseline: 4000)
