MergeSort: 2.84503 ms, 400000 bytes
QuickSort: 2183.37 ms, 0 bytes
StdSort: 0.728545 ms, 400000 bytes
