MergeSort: 0.04509 ms, 4000 bytes
QuickSort: 0.03567 ms, 0 bytes
StdSort: 0.01348 ms, 4000 bytes
