MergeSort: 2.93133 ms, 400000 bytes
QuickSort: 216.857 ms, 0 bytes
StdSort: 0.614194 ms, 400000 bytes
