MergeSort: 0.02681 ms, 4000 bytes
QuickSort: 0.03129 ms, 0 bytes
StdSort: 0.004401 ms, 4000 bytes
