MergeSort: 0.02717 ms, 4000 bytes
QuickSort: 0.225412 ms, 0 bytes
Sort: 0.00393 ms, 0 bytes (raw: 4000, copy baseline: 4000)
