MergeSort: 2.89316 ms, 400000 bytes
QuickSort: 2192.33 ms, 0 bytes
Sort: 0.534794 ms, 0 bytes (raw: 400000, copy baseline: 400000)
