MergeSort: 4.53504 ms, 400000 bytes
QuickSort: 218.225 ms, 0 bytes
StdSort: 1.50759 ms, 400000 bytes
