MergeSort: 0.027111 ms, 4000 bytes
QuickSort: 0.02928 ms, 0 bytes
Sort: 0.00451 ms, 0 bytes (raw: 4000, copy baseline: 4000)
