MergeSort: 7.13584 ms, 400000 bytes
QuickSort: 4.25024 ms, 0 bytes
StdSort: 3.95717 ms, 400000 bytes
