MergeSort: 2.93218 ms, 400000 bytes
QuickSort: 2199.68 ms, 0 bytes
StdSort: 0.556013 ms, 400000 bytes
