MergeSort: 0.043371 ms, 4000 bytes
QuickSort: 0.03561 ms, 0 bytes
StdSort: 0.01366 ms, 4000 bytes
