MergeSort: 3.16775 ms, 400000 bytes
QuickSort: 219.255 ms, 0 bytes
StdSort: 0.609434 ms, 400000 bytes
