MergeSort: 0.04677 ms, 4000 bytes
QuickSort: 0.03567 ms, 0 bytes
Sort: 0.01345 ms, 0 bytes (raw: 4000, copy baseline: 4000)
