MergeSort: 0.05958 ms, 4000 bytes
QuickSort: 0.02811 ms, 0 bytes
StdSort: 0.02452 ms, 4000 bytes
