MergeSort: 0.02666 ms, 4000 bytes
QuickSort: 0.02903 ms, 0 bytes
StdSort: 0.00437 ms, 4000 bytes
