MergeSort: 0.04213 ms, 4000 bytes
QuickSort: 0.03537 ms, 0 bytes
StdSort: 0.01443 ms, 4000 bytes
