MergeSort: 0.0435 ms, 4000 bytes
QuickSort: 0.03517 ms, 0 bytes
StdSort: 0.01313 ms, 4000 bytes
