MergeSort: 2.88359 ms, 400000 bytes
QuickSort: 218.029 ms, 0 bytes
StdSort: 0.614664 ms, 400000 bytes
