MergeSort: 0.053991 ms, 4000 bytes
QuickSort: 0.0275 ms, 0 bytes
Sort: 0.03099 ms, 0 bytes (raw: 4000, copy baseline: 4000)
