MergeSort: 2.97833 ms, 400000 bytes
QuickSort: 2168.33 ms, 0 bytes
StdSort: 0.528833 ms, 400000 bytes
