MergeSort: 2.83485 ms, 400000 bytes
QuickSort: 218.752 ms, 0 bytes
StdSort: 0.623254 ms, 400000 bytes
