MergeSort: 0.027141 ms, 4000 bytes
QuickSort: 0.03063 ms, 0 bytes
StdSort: 0.00441 ms, 4000 bytes
