MergeSort: 2.93502 ms, 400000 bytes
QuickSort: 2186.83 ms, 0 bytes
Sort: 0.716925 ms, 0 bytes (raw: 400000, copy baseline: 400000)
