MergeSort: 0.04534 ms, 4000 bytes
QuickSort: 0.03552 ms, 0 bytes
StdSort: 0.013811 ms, 4000 bytes
