MergeSort: 0.02734 ms, 4000 bytes
QuickSort: 0.029001 ms, 0 bytes
StdSort: 0.00465 ms, 4000 bytes
