MergeSort: 3.01841 ms, 400000 bytes
QuickSort: 218.716 ms, 0 bytes
Sort: 0.613574 ms, 0 bytes (raw: 400000, copy baseline: 400000)
