MergeSort: 0.00094 ms, 40 bytes
QuickSort: 0.00017 ms, 0 bytes
StdSort: 0.00016 ms, 40 bytes
