MergeSort: 0.00067 ms, 40 bytes
QuickSort: 0.00017 ms, 0 bytes
StdSort: 7e-05 ms, 40 bytes
