MergeSort: 0.00081 ms, 40 bytes
QuickSort: 0.00018 ms, 0 bytes
StdSort: 0.00021 ms, 40 bytes
