MergeSort: 0.00055 ms, 40 bytes
QuickSort: 0.00016 ms, 0 bytes
StdSort: 6e-05 ms, 40 bytes
