MergeSort: 0.00087 ms, 40 bytes
QuickSort: 0.00017 ms, 0 bytes
Sort: 0.00017 ms, 0 bytes (raw: 40, copy baseline: 40)
