MergeSort: 0.00058 ms, 40 bytes
QuickSort: 0.00014 ms, 0 bytes
StdSort: 6e-05 ms, 40 bytes
