MergeSort: 0.00112 ms, 40 bytes
QuickSort: 0.00019 ms, 0 bytes
StdSort: 0.00015 ms, 40 bytes
