MergeSort: 0.00054 ms, 40 bytes
QuickSort: 0.00016 ms, 0 bytes
Sort: 0.00018 ms, 0 bytes (raw: 40, copy baseline: 40)
