MergeSort: 0.00094 ms, 40 bytes
QuickSort: 0.00014 ms, 0 bytes
StdSort: 8e-05 ms, 40 bytes
