MergeSort: 0.00041 ms, 40 bytes
QuickSort: 0.00016 ms, 0 bytes
StdSort: 9e-05 ms, 40 bytes
