MergeSort: 0.00095 ms, 40 bytes
QuickSort: 0.00016 ms, 0 bytes
StdSort: 0.00012 ms, 40 bytes
