MergeSort: 0.00062 ms, 40 bytes
QuickSort: 0.00016 ms, 0 bytes
StdSort: 0.00018 ms, 40 bytes
