MergeSort: 0.00066 ms, 40 bytes
QuickSort: 0.00014 ms, 0 bytes
StdSort: 7e-05 ms, 40 bytes
