MergeSort: 0.00095 ms, 40 bytes
QuickSort: 0.00014 ms, 0 bytes
StdSort: 9e-05 ms, 40 bytes
