MergeSort: 0.00089 ms, 40 bytes
QuickSort: 0.00016 ms, 0 bytes
StdSort: 0.00014 ms, 40 bytes
