MergeSort: 0.00092 ms, 40 bytes
QuickSort: 0.00027 ms, 0 bytes
StdSort: 0.00021 ms, 40 bytes
