MergeSort: 0.00196 ms, 40 bytes
QuickSort: 0.00033 ms, 0 bytes
StdSort: 0.0006 ms, 40 bytes
