MergeSort: 0.00075 ms, 40 bytes
QuickSort: 0.00031 ms, 0 bytes
StdSort: 0.00015 ms, 40 bytes
