MergeSort: 0.00079 ms, 40 bytes
QuickSort: 0.00027 ms, 0 bytes
Sort: 0.00015 ms, 0 bytes (raw: 40, copy baseline: 40)
