MergeSort: 0.00087 ms, 40 bytes
QuickSort: 0.00035 ms, 0 bytes
StdSort: 0.00015 ms, 40 bytes
