MergeSort: 0.00089 ms, 40 bytes
QuickSort: 0.00027 ms, 0 bytes
StdSort: 0.00017 ms, 40 bytes
