MergeSort: 0.00151 ms, 40 bytes
QuickSort: 0.00035 ms, 0 bytes
Sort: 0.00053 ms, 0 bytes (raw: 40, copy baseline: 40)
