MergeSort: 0.00146 ms, 40 bytes
QuickSort: 0.000271 ms, 0 bytes
StdSort: 0.00023 ms, 40 bytes
