MergeSort: 0.0013 ms, 40 bytes
QuickSort: 0.00028 ms, 0 bytes
StdSort: 0.00043 ms, 40 bytes
