MergeSort: 0.00082 ms, 40 bytes
QuickSort: 0.00025 ms, 0 bytes
Sort: 0.00015 ms, 0 bytes (raw: 40, copy baseline: 40)
