MergeSort: 0.0009 ms, 40 bytes
QuickSort: 0.00026 ms, 0 bytes
StdSort: 0.00013 ms, 40 bytes
