MergeSort: 0.00066 ms, 40 bytes
QuickSort: 0.00016 ms, 0 bytes
StdSort: 0.00023 ms, 40 bytes
