Naive: 0.00283 ms, 1472 bytes
Strassen: 1.14003 ms, 21856 bytes
