Naive: 0.00263 ms, 1472 bytes
Strassen: 1.11572 ms, 21856 bytes
