Naive: 0.00277 ms, 1472 bytes
Strassen: 1.13681 ms, 21856 bytes
