Naive: 0.00257 ms, 1472 bytes
Strassen: 1.10872 ms, 21856 bytes
