Naive: 0.00393 ms, 1472 bytes
Strassen: 1.18681 ms, 21856 bytes
