Naive: 0.002631 ms, 1472 bytes
Strassen: 1.10428 ms, 21856 bytes
