Naive: 0.00278 ms, 1472 bytes
Strassen: 1.11692 ms, 21856 bytes
