Naive: 0.00286 ms, 1472 bytes
Strassen: 1.12093 ms, 21856 bytes
