Naive: 0.00286 ms, 1472 bytes
Strassen: 1.13353 ms, 21856 bytes
