Naive: 0.00262 ms, 1472 bytes
Strassen: 1.11141 ms, 21856 bytes
