Naive: 0.00254 ms, 1472 bytes
Strassen: 1.09761 ms, 21856 bytes
