Naive: 0.00267 ms, 1472 bytes
Strassen: 1.10798 ms, 21856 bytes
