Naive: 0.00274 ms, 1472 bytes
Strassen: 1.11173 ms, 21856 bytes
