Naive: 0.00265 ms, 1472 bytes
Strassen: 1.18093 ms, 21856 bytes
