Naive: 0.00392 ms, 1472 bytes
Strassen: 1.13664 ms, 21856 bytes
