Naive: 0.00269 ms, 1472 bytes
Strassen: 1.12799 ms, 21856 bytes
