Naive: 0.00254 ms, 1472 bytes
Strassen: 1.10237 ms, 21856 bytes
