Naive: 0.00313 ms, 1472 bytes
Strassen: 1.11975 ms, 21856 bytes
