Naive: 0.00264 ms, 1472 bytes
Strassen: 1.10391 ms, 21856 bytes
