Naive: 0.00273 ms, 1472 bytes
Strassen: 1.11894 ms, 21856 bytes
