Naive: 0.00283 ms, 1472 bytes
Strassen: 1.12077 ms, 21856 bytes
