Naive: 0.00406 ms, 1472 bytes
Strassen: 1.14277 ms, 21856 bytes
